Block size: 2
Matrix:
       6.574618      -9.065845
      -6.660537      11.831843
Inverse:
       0.679739       0.520832
       0.382647       0.377711
Solution x:
       2.340900      -1.312044
Block size: 3
Matrix:
       5.623651      -5.051544      -4.523957
      -4.585464       6.009822       4.486593
      11.889838     -12.990176     -10.633473
Inverse:
       5.623651      -5.051544      -4.523957
      -4.585464       6.009822       4.486593
      11.889838     -12.990176     -10.633473
Solution x:
     258.885651    -227.148117     564.328674
Block size: 4
Matrix:
      26.968166     -18.420834      18.555099     -25.537357
     -31.925104      23.646460     -22.811525      31.395470
      21.542545     -15.281465      16.392849     -21.185156
      -7.992555       5.669616      -5.710940       8.859959
Inverse:
       0.643625       0.252799      -0.254642       0.350463
       0.438126       0.689210       0.313055      -0.430857
      -0.295640       0.209716       0.788755       0.290736
       0.109686      -0.077807       0.078374       0.892133
Solution x:
     -12.131701      11.259851      -0.596373     -22.187038
Block size: 5
Matrix:
      25.097734     -31.645908      31.352547     -27.237171      29.030130
     -18.985407      25.932240     -24.701113      21.458815     -22.871397
      10.970001     -14.406155      15.272607     -12.399167      13.215375
     -21.719444      28.522665     -28.258255      25.549042     -26.165047
      12.433093     -16.327532      16.176174     -14.052869      15.977936
Inverse:
       0.767911       0.304787      -0.301962       0.262326      -0.279594
       0.182852       0.759873       0.237901      -0.206673       0.220278
      -0.105654       0.138748       0.862538       0.119418      -0.127280
       0.209184      -0.274707       0.272160       0.763564       0.252000
      -0.119745       0.157253      -0.155795       0.135346       0.855745
Solution x:
      -2.197048       9.072468       5.942757      -0.308784       6.289351
Block size: 6
Matrix:
      28.679905     -24.538599      26.979988     -31.181938      32.619186     -22.860537
     -26.536913      24.525322     -25.865898      29.894337     -31.272234      21.916552
      19.806221     -17.558474      20.305399     -22.312082      23.340498     -16.357744
      -9.968655       8.837343      -9.716586      12.229878     -11.747489       8.233005
      22.458132     -19.909430      21.890253     -25.299513      27.465624     -18.547930
     -17.732529      15.720119     -17.284142      19.976030     -20.896770      15.645105
Inverse:
       0.776507       0.198130      -0.217842       0.251769      -0.263374       0.184581
       0.214264       0.810052       0.208847      -0.241373       0.252498      -0.176959
      -0.159919       0.141771       0.844124       0.180152      -0.188456       0.132076
       0.080489      -0.071355       0.078454       0.909328       0.094852      -0.066475
      -0.181332       0.160753      -0.176746       0.204273       0.786311       0.149760
       0.143176      -0.126927       0.139556      -0.161291       0.168725       0.881752
Solution x:
       4.608364       3.406450       1.575024       4.398660       4.364510       3.959340
